Record	Nn' Vn' Fn' On'  Nv   Vv  Fv' Ov' No' Vo' Fo'  Q Se   Q +P   V Se   V +P  V FPR
s20011 99636   1   0   0  13    1   0   0  23   0   0  99.98 100.00  50.00   7.14  0.013
s20021 87323   1   0   0 1069  136   0   0  68   0   1  99.92 100.00  99.27  11.29  1.209
s20031 106281   0   0   0 396    1   0   0 2430   0   1  97.77 100.00 100.00   0.25  0.371
s20041 101880 2220   0   0 662 4188   0   0  36   0   7  99.96 100.00  65.36  86.35  0.646
s20051 91542   2   0   0 20643    0   0   0  34   0   2  99.97 100.00   0.00   0.00 18.401
s20061 116608   0   0   0  69  772   0   0   5   0   0 100.00 100.00 100.00  91.80  0.059
s20071 59045   0   0   0 26268    5   0   0   8   0   0  99.99 100.00 100.00   0.02 30.790
s20081 108466   2   0   0 2772 1288   0   0   3   0  22  99.98 100.00  99.84  31.72  2.492
s20091 111035   0   0   0   3    0   0   0   5   0   0 100.00 100.00      -   0.00  0.003
s20101 69347   0   0   0 790 7080   0   0  48   0 384  99.44 100.00 100.00  89.96  1.126
s20111 78909   0   0   0 5893    3   0   0  76   0   0  99.91 100.00 100.00   0.05  6.949
s20121 84574  18   0   0  49  560   0   0  19   0   0  99.98 100.00  96.89  91.95  0.058
s20131 103504  22   0   0 1852  472   0   0  34   0   6  99.96 100.00  95.55  20.31  1.758
s20141 115669   0   0   0 488    0   0   0  49   0   0  99.96 100.00      -   0.00  0.420
s20151 79153   6   0   0  23  160   0   0   6   0  11  99.98 100.00  96.39  87.43  0.029
s20161 65130   1   0   0 18199    7   0   0  17   0   1  99.98 100.00  87.50   0.04 21.840
s20171 111977   1   0   0 14079    8   0   0   2   0   0 100.00 100.00  88.89   0.06 11.169
s20181 91336   0   0   0 15079  123   0   0  16   0   1  99.98 100.00 100.00   0.81 14.170
s20191 74201   2   0   0 23040    5   0   0  34   0   0  99.97 100.00  71.43   0.02 23.694
s20201 75147   0   0   0 15800   11   0   0 100   0   0  99.89 100.00 100.00   0.07 17.373
s20211 94499   0   0   0 4825   17   0   0   2   0   1 100.00 100.00 100.00   0.35  4.858
s20221 116614   8   0   0 921   19   0   0 1153   0   0  99.03 100.00  70.37   2.02  0.784
s20231 96290   0   0   0 6348    2   0   0  36   0   1  99.96 100.00 100.00   0.03  6.185
s20241 91971   2   0   0  11    4   0   0   9   0   0  99.99 100.00  66.67  26.67  0.012
s20251 86574   4   0   0 21349    3   0   0  40   0   0  99.96 100.00  42.86   0.01 19.782
s20261 101103   7   0   0  32  739   0   0  73   0   1  99.93 100.00  99.06  95.85  0.032
s20271 105178 2681   0   0 717 5209   0   0  55   3   0  99.95 100.00  66.00  87.90  0.677
s20272 114391  21   0   0 2840  340   0   0  17   0   0  99.99 100.00  94.18  10.69  2.423
s20273 102038 299   0   0 1032  307   0   0  27   0   0  99.97 100.00  50.66  22.93  1.001
s20274 104927 216   0   0 15093  482   0   0   6   0   2  99.99 100.00  69.05   3.09 12.575
s20281 72502   0   0   0 219    0   0   0  87   0   0  99.88 100.00      -   0.00  0.301
s20291 68779   0   0   0 6892  410   0   0 206   0   0  99.73 100.00 100.00   5.61  9.108
s20301 57279   4   0   0 49032   20   0   0  44   0   0  99.96 100.00  83.33   0.04 46.121
s20311 72167   0   0   0 13689    3   0   0  12   0   0  99.99 100.00 100.00   0.02 15.944
s20321 85746  11   0   0 5592  189   0   0  48   0   0  99.95 100.00  94.50   3.27  6.122
s20331 25430   0   0   0 52646    6   0   0 5637   0   3  93.26 100.00 100.00   0.01 67.429
s20341 89225   0   0   0 10429   87   0   0  74   0   1  99.92 100.00 100.00   0.83 10.465
s20351 118440   0   0   0  14  796   0   0   9   0   0  99.99 100.00 100.00  98.27  0.012
s20361 105164   1   0   0 186   10   0   0  18   0   1  99.98 100.00  90.91   5.10  0.177
s20371 95365   0   0   0  28    5   0   0  12   0   0  99.99 100.00 100.00  15.15  0.029
s20381 102705  31   0   0 111   22   0   0  15   0   0  99.99 100.00  41.51  16.54  0.108
s20391 47662   1   0   0 54447  200   0   0   8   0   6  99.99 100.00  99.50   0.37 53.322
s20401 74876   2   0   0 2108   59   0   0   3   0   0 100.00 100.00  96.72   2.72  2.738
s20411 84088   0   0   0  18   23   0   0 299   0   0  99.65 100.00 100.00  56.10  0.021
s20421 83645   0   0   0 3645   92   0   0 5195   0   5  94.38 100.00 100.00   2.46  4.176
s20431 94615   2   0   0 7392   31   0   0  46   0   0  99.95 100.00  93.94   0.42  7.247
s20441 89176   1   0   0 121 3415   0   0  24   0   0  99.97 100.00  99.97  96.58  0.136
s20451 87081   0   0   0 661    3   0   0  46   0   0  99.95 100.00 100.00   0.45  0.753
s20461 98227   1   0   0 235    1   0   0  25   0   0  99.97 100.00  50.00   0.42  0.239
s20471 114654   2   0   0 225   59   0   0  10   0   1  99.99 100.00  96.72  20.77  0.196
s20481 88958   0   0   0 2140    0   0   0  19   0   0  99.98 100.00      -   0.00  2.349
s20491 94077  17   0   0 1704  728   0   0  48   0   0  99.95 100.00  97.72  29.93  1.779
s20501 126079   6   0   0 1565  496   0   0 14060   0   1  90.11 100.00  98.80  24.07  1.226
s20511 65566   5   0   0 16787    3   0   0  35   0   2  99.96 100.00  37.50   0.02 20.384
s20521 71758   1   0   0 3180   12   0   0   6   0   0  99.99 100.00  92.31   0.38  4.244
s20531  4265   4   0   0   1   57   0   0 81845   0   1   5.02 100.00  93.44  98.28  0.023
s20541 108777   0   0   0 5026  561   0   0   5   0   6  99.99 100.00 100.00  10.04  4.416
s20551 57050   5   0   0 36561  106   0   0 6492   0   2  93.52 100.00  95.50   0.29 39.056
s20561 75688   0   0   0 24631    3   0   0   0  68   1  99.93 100.00   4.23   0.01 24.553
s20571 85443  62   0   0 606 2190   0   0 233   0   5  99.73 100.00  97.25  78.33  0.704
s20581 16171   2   0   0 68397   16   0   0  15   0   0  99.98 100.00  88.89   0.02 80.878
s20591 77066   0   0   0 6721    3   0   0  53   0   0  99.94 100.00 100.00   0.04  8.022
s20601 113487   0   0   0 2999    2   0   0   0   0   0 100.00 100.00 100.00   0.07  2.575
s20611 227574   0   0   0 7799    0   0   0  71   0   0  99.97 100.00      -   0.00  3.313
s20621 96721 244   0   0 13833 1131   0   0   3   0   1 100.00 100.00  82.25   7.56 12.512
s20631 99374   0   0   0 261    0   0   0   6   0   0  99.99 100.00      -   0.00  0.262
s20641 82595 230   0   0 1045  546   0   0  10   0   0  99.99 100.00  70.36  34.32  1.249
s20651 56048  45   0   0 41786  286   0   0 5405   0   0  94.78 100.00  86.40   0.68 42.711
s30661 113555   0   0   0 8705   60   0   0 21609   0   3  84.98 100.00 100.00   0.68  7.120
s30671 98197   5   0   0  39  342   0   0 143   0   2  99.85 100.00  98.56  89.76  0.040
s30681 115905   0   0   0 10151   15   0   0  30   0   0  99.98 100.00 100.00   0.15  8.053
s30691 13944   0   0   0 87383    1   0   0  27   0   0  99.97 100.00 100.00   0.00 86.239
s30701 94051   0   0   0 12652    0   0   0  16   0   0  99.99 100.00      -   0.00 11.857
s30711 131681 124   0   0 2099 18820   0   0  10   0   7  99.99 100.00  99.35  89.97  1.569
s30721 75703   0   0   0 27811  334   0   0 2386   0   0  97.75 100.00 100.00   1.19 26.867
s30731 98208   0   0   0 7166   36   0   0 219   0  11  99.78 100.00 100.00   0.50  6.801
s30732 94503   1   0   0 1460   24   0   0 253   0   2  99.74 100.00  96.00   1.62  1.521
s30741 122957   0   0   0 107    0   0   0   0   0   0 100.00 100.00      -   0.00  0.087
s30742 113298   0   0   0  19    0   0   0   0   0   0 100.00 100.00      -   0.00  0.017
s30751 80167 112   0   0 21954 3343   0   0  66   0   8  99.93 100.00  96.76  13.22 21.498
s30752 112061   5   0   0 1962 5967   0   0  81   0  22  99.91 100.00  99.92  75.26  1.721
s30761 90744 346   0   0 22372 2858   0   0 299   0  58  99.69 100.00  89.20  11.33 19.778
s30771 70506   0   0   0 3839    6   0   0 3256   0   0  95.80 100.00 100.00   0.16  5.164
s30781 61796   0   0   0 46089  408   0   0 1335   0   7  98.78 100.00 100.00   0.88 42.720
s30791 99842   2   0   0  87   55   0   0  99   0   1  99.90 100.00  96.49  38.73  0.087
s30801 57600   0   0   0 36440    0   0   0  15   0   0  99.98 100.00      -   0.00 38.749
______________________________________________________________________________________
Sum  7702589 6786   0   0 933422 65782   0   0 154399  71 598
Gross                                                   98.25 100.00  90.56   6.58 10.808
Average                                                 98.15 100.00  87.87  19.78 11.113
Total QRS complexes: 8863647  Total VEBs: 72639

Summary of results from 86 records
