Record Nn' Vn' Fn' On'  Nv   Vv  Fv' Ov' No' Vo' Fo'  Q Se   Q +P   V Se   V +P  V FPR
s20011 99668   2   0  16   0    0   0   0   4   0   0 100.00  99.98   0.00      -  0.000
s20021 88451 137   1 296   0    0   0   0   9   0   0  99.99  99.67   0.00      -  0.000
s20031 108971   1   0 2643   0    0   0   0 136   0   1  99.87  97.63   0.00      -  0.000
s20041 102577 6367   7  14   0    0   0   0   1  41   0  99.96  99.99   0.00      -  0.000
s20051 112217   2   2 362   0    0   0   0   2   0   0 100.00  99.68   0.00      -  0.000
s20061 116681 772   0  15   0    0   0   0   1   0   0 100.00  99.99   0.00      -  0.000
s20071 85318   4   0  98   0    0   0   0   3   1   0 100.00  99.89   0.00      -  0.000
s20081 111241 1273  22  21   0    0   0   0   0  17   0  99.98  99.98   0.00      -  0.000
s20091 111042   0   0  12   0    0   0   0   1   0   0 100.00  99.99      -      -  0.000
s20101 70184 7080 382  71   0    0   0   0   1   0   2 100.00  99.91   0.00      -  0.000
s20111 84875   3   0  79   0    0   0   0   3   0   0 100.00  99.91   0.00      -  0.000
s20121 84631 578   0  19   0    0   0   0  11   0   0  99.99  99.98   0.00      -  0.000
s20131 105384 494   6  66   0    0   0   0   6   0   0  99.99  99.94   0.00      -  0.000
s20141 116197   0   0  67   0    0   0   0   9   0   0  99.99  99.94      -      -  0.000
s20151 79181 139  11  38   0    0   0   0   1  27   0  99.96  99.95   0.00      -  0.000
s20161 83267   7   1 689   0    0   0   0  79   1   0  99.90  99.18   0.00      -  0.000
s20171 125825   7   0  16   0    0   0   0 233   2   0  99.81  99.99   0.00      -  0.000
s20181 106260 123   1 959   0    0   0   0 171   0   0  99.84  99.11   0.00      -  0.000
s20191 96927   7   0 9069   0    0   0   0 348   0   0  99.64  91.44   0.00      -  0.000
s20201 91032  10   0  51   0    0   0   0  15   1   0  99.98  99.94   0.00      -  0.000
s20211 99324  17   1 142   0    0   0   0   2   0   0 100.00  99.86   0.00      -  0.000
s20221 118688  27   0   8   0    0   0   0   0   0   0 100.00  99.99   0.00      -  0.000
s20231 101894   2   1   6   0    0   0   0 780   0   0  99.24  99.99   0.00      -  0.000
s20241 91991   6   0  55   0    0   0   0   0   0   0 100.00  99.94   0.00      -  0.000
s20251 107864   7   0 3983   0    0   0   0  99   0   0  99.91  96.44   0.00      -  0.000
s20261 101207 746   1   0   0    0   0   0   1   0   0 100.00 100.00   0.00      -  0.000
s20271 105928 7885   0 586   0    0   0   0  22   8   0  99.97  99.49   0.00      -  0.000
s20272 117223 361   0 1697   0    0   0   0  25   0   0  99.98  98.58   0.00      -  0.000
s20273 102965 605   0 2597   0    0   0   0 132   1   0  99.87  97.55   0.00      -  0.000
s20274 119679 695   2 1795   0    0   0   0 347   3   0  99.71  98.53   0.00      -  0.000
s20281 72808   0   0  67   0    0   0   0   0   0   0 100.00  99.91      -      -  0.000
s20291 75713 409   0 1126   0    0   0   0 164   1   0  99.78  98.54   0.00      -  0.000
s20301 106351  24   0  15   0    0   0   0   4   0   0 100.00  99.99   0.00      -  0.000
s20311 84527   3   0 2399   0    0   0   0 1341   0   0  98.44  97.24   0.00      -  0.000
s20321 91386 151   0  56   0    0   0   0   0  49   0  99.95  99.94   0.00      -  0.000
s20331 83711   6   3  46   0    0   0   0   2   0   0 100.00  99.95   0.00      -  0.000
s20341 99721  87   0 537   0    0   0   0   7   0   1  99.99  99.46   0.00      -  0.000
s20351 118463 796   0  60   0    0   0   0   0   0   0 100.00  99.95   0.00      -  0.000
s20361 105312   9   1 2907   0    0   0   0  56   2   0  99.94  97.31   0.00      -  0.000
s20371 95394   4   0  72   0    0   0   0  11   1   0  99.99  99.92   0.00      -  0.000
s20381 102827  53   0 612   0    0   0   0   4   0   0 100.00  99.41   0.00      -  0.000
s20391 102100 200   6 897   0    0   0   0  17   1   0  99.98  99.13   0.00      -  0.000
s20401 76968  61   0 1326   0    0   0   0  19   0   0  99.98  98.31   0.00      -  0.000
s20411 84398  23   0 600   0    0   0   0   7   0   0  99.99  99.29   0.00      -  0.000
s20421 92464  86   5 307   0    0   0   0  21   6   0  99.97  99.67   0.00      -  0.000
s20431 102039  33   0 587   0    0   0   0  14   0   0  99.99  99.43   0.00      -  0.000
s20441 89298 3416   0 565   0    0   0   0  23   0   0  99.98  99.39   0.00      -  0.000
s20451 87772   3   0 2026   0    0   0   0  16   0   0  99.98  97.74   0.00      -  0.000
s20461 98473   2   0 130   0    0   0   0  14   0   0  99.99  99.87   0.00      -  0.000
s20471 114848  59   0 114   0    0   0   0  41   2   1  99.96  99.90   0.00      -  0.000
s20481 90947   0   0 720   0    0   0   0 170   0   0  99.81  99.21      -      -  0.000
s20491 95732 744   0 661   0    0   0   0  97   1   0  99.90  99.32   0.00      -  0.000
s20501 141673 500   1  40   0    0   0   0  31   2   0  99.98  99.97   0.00      -  0.000
s20511 82074   8   2 1741   0    0   0   0 314   0   0  99.62  97.92   0.00      -  0.000
s20521 74929  13   0 1279   0    0   0   0  15   0   0  99.98  98.32   0.00      -  0.000
s20531 85942  61   1 871   0    0   0   0 169   0   0  99.80  99.00   0.00      -  0.000
s20541 113802 561   6 551   0    0   0   0   6   0   0  99.99  99.52   0.00      -  0.000
s20551 100030  39   1 3763   0    0   0   0  73  72   1  99.85  96.38   0.00      -  0.000
s20561 100285  71   1 104   0    0   0   0  34   0   0  99.97  99.90   0.00      -  0.000
s20571 86261 2226   5 269   0    0   0   0  21  26   0  99.95  99.70   0.00      -  0.000
s20581 84571  18   0 119   0    0   0   0  12   0   0  99.99  99.86   0.00      -  0.000
s20591 83825   3   0 2174   0    0   0   0  15   0   0  99.98  97.47   0.00      -  0.000
s20601 116193   2   0 432   0    0   0   0 293   0   0  99.75  99.63   0.00      -  0.000
s20611 235306   0   0 886   0    0   0   0 138   0   0  99.94  99.62      -      -  0.000
s20621 110336 1372   1 3992   0    0   0   0 221   3   0  99.80  96.55   0.00      -  0.000
s20631 99641   0   0 373   0    0   0   0   0   0   0 100.00  99.63      -      -  0.000
s20641 83633 775   0 203   0    0   0   0  17   1   0  99.98  99.76   0.00      -  0.000
s20651 102678 330   0 33318   0    0   0   0 561   1   0  99.46  75.56   0.00      -  0.000
s30661 143865  60   3  43   0    0   0   0   4   0   0 100.00  99.97   0.00      -  0.000
s30671 98354 244   2  79   0    0   0   0  25 103   0  99.87  99.92   0.00      -  0.000
s30681 125983  15   0 3501   0    0   0   0 103   0   0  99.92  97.30   0.00      -  0.000
s30691 98790   1   0 12114   0    0   0   0 2564   0   0  97.47  89.08   0.00      -  0.000
s30701 106716   0   0  31   0    0   0   0   3   0   0 100.00  99.97      -      -  0.000
s30711 133543 18938   7 122   0    0   0   0 247   6   0  99.83  99.92   0.00      -  0.000
s30721 103103 334   0 9605   0    0   0   0 2797   0   0  97.37  91.50   0.00      -  0.000
s30731 105592  36  10 106   0    0   0   0   1   0   1 100.00  99.90   0.00      -  0.000
s30732 96210  24   2 262   0    0   0   0   6   1   0  99.99  99.73   0.00      -  0.000
s30741 122964   0   0  26   0    0   0   0 100   0   0  99.92  99.98      -      -  0.000
s30742 113309   0   0  23   0    0   0   0   8   0   0  99.99  99.98      -      -  0.000
s30751 102185 3419   8 141   0    0   0   0   2  36   0  99.96  99.87   0.00      -  0.000
s30752 114099 5965  22  43   0    0   0   0   5   7   0  99.99  99.96   0.00      -  0.000
s30761 111961 3196  55 263   0    0   0   0 1454   8   3  98.74  99.77   0.00      -  0.000
s30771 77012   6   0 6291   0    0   0   0 589   0   0  99.24  92.45   0.00      -  0.000
s30781 105818 408   7 13187   0    0   0   0 3402   0   0  96.90  88.96   0.00      -  0.000
s30791 100027  46   1  15   0    0   0   0   1  11   0  99.99  99.99   0.00      -  0.000
s30801 70178   0   0 13016   0    0   0   0 23877   0   0  74.61  84.35      -      -  0.000
______________________________________________________________________________________
Sum  8748832 72197 588 150283   0    0   0   0 41578 442  10
Gross                                                   99.53  98.32   0.00      -  0.000
Average                                                 99.50  98.38   0.00      -  0.000
Total QRS complexes: 8863647  Total VEBs: 72639

Summary of results from 86 records
