Record Nn' Vn' Fn' On'  Nv   Vv  Fv' Ov' No' Vo' Fo'  Q Se   Q +P   V Se   V +P  V FPR
s20011 99319   1   0   1   0    0   0   0 353   1   0  99.64 100.00   0.00      -  0.000
s20021 85611 111   1  10   0    0   0   0 2849  26   0  96.76  99.99   0.00      -  0.000
s20031 103653   1   0  42   0    0   0   0 5454   0   1  95.00  99.96   0.00      -  0.000
s20041 102294 5837   7   1   0    0   0   0 284 571   0  99.22 100.00   0.00      -  0.000
s20051 108767   2   2  16   0    0   0   0 3452   0   0  96.92  99.99   0.00      -  0.000
s20061 116351 770   0   2   0    0   0   0 331   2   0  99.72 100.00   0.00      -  0.000
s20071 85008   5   0   1   0    0   0   0 313   0   0  99.63 100.00   0.00      -  0.000
s20081 110865 1215  17   4   0    0   0   0 376  75   5  99.59 100.00   0.00      -  0.000
s20091 110745   0   0   1   0    0   0   0 298   0   0  99.73 100.00      -      -  0.000
s20101 70021 7026 375  57   0    0   0   0 164  54   9  99.71  99.93   0.00      -  0.000
s20111 84300   2   0   8   0    0   0   0 578   1   0  99.32  99.99   0.00      -  0.000
s20121 83632 577   0   9   0    0   0   0 1010   1   0  98.81  99.99   0.00      -  0.000
s20131 104253 390   6   0   0    0   0   0 1137 104   0  98.83 100.00   0.00      -  0.000
s20141 115744   0   0   0   0    0   0   0 462   0   0  99.60 100.00      -      -  0.000
s20151 79033 140  10   2   0    0   0   0 149  26   1  99.78 100.00   0.00      -  0.000
s20161 80502   5   1 211   0    0   0   0 2844   3   0  96.58  99.74   0.00      -  0.000
s20171 125669   7   0   8   0    0   0   0 389   2   0  99.69  99.99   0.00      -  0.000
s20181 101186 118   1 225   0    0   0   0 5245   5   0  95.07  99.78   0.00      -  0.000
s20191 73853   7   0 6414   0    0   0   0 23422   0   0  75.92  92.01   0.00      -  0.000
s20201 89718   9   0   0   0    0   0   0 1329   2   0  98.54 100.00   0.00      -  0.000
s20211 98786   3   1   5   0    0   0   0 540  14   0  99.44  99.99   0.00      -  0.000
s20221 118612  27   0   0   0    0   0   0  76   0   0  99.94 100.00   0.00      -  0.000
s20231 99970   2   1   1   0    0   0   0 2704   0   0  97.37 100.00   0.00      -  0.000
s20241 91761   5   0   0   0    0   0   0 230   1   0  99.75 100.00   0.00      -  0.000
s20251 100200   5   0 158   0    0   0   0 7763   2   0  92.81  99.84   0.00      -  0.000
s20261 101124 732   0   0   0    0   0   0  84  14   1  99.90 100.00   0.00      -  0.000
s20271 104637 7568   0  20   0    0   0   0 1313 325   0  98.56  99.98   0.00      -  0.000
s20272 114337 346   0  28   0    0   0   0 2911  15   0  97.51  99.98   0.00      -  0.000
s20273 99898 568   0 112   0    0   0   0 3199  38   0  96.88  99.89   0.00      -  0.000
s20274 116874 645   2 274   0    0   0   0 3152  53   0  97.35  99.77   0.00      -  0.000
s20281 72732   0   0   2   0    0   0   0  76   0   0  99.90 100.00      -      -  0.000
s20291 69825 381   0 281   0    0   0   0 6052  29   0  92.03  99.60   0.00      -  0.000
s20301 106233  24   0   1   0    0   0   0 122   0   0  99.89 100.00   0.00      -  0.000
s20311 11237   0   0 111   0    0   0   0 74631   3   0  13.09  99.02   0.00      -  0.000
s20321 91269 136   0  22   0    0   0   0 117  64   0  99.80  99.98   0.00      -  0.000
s20331 83650   4   2  20   0    0   0   0  63   2   1  99.92  99.98   0.00      -  0.000
s20341 98339  78   0  38   0    0   0   0 1389   9   1  98.60  99.96   0.00      -  0.000
s20351 118196 795   0   0   0    0   0   0 267   1   0  99.78 100.00   0.00      -  0.000
s20361 101951   7   0 356   0    0   0   0 3417   4   1  96.75  99.65   0.00      -  0.000
s20371 95091   4   0  10   0    0   0   0 314   1   0  99.67  99.99   0.00      -  0.000
s20381 102181  49   0  20   0    0   0   0 650   4   0  99.36  99.98   0.00      -  0.000
s20391 97398 137   1  23   0    0   0   0 4719  64   5  95.32  99.98   0.00      -  0.000
s20401 72894  54   0  12   0    0   0   0 4093   7   0  94.68  99.98   0.00      -  0.000
s20411 82942  23   0  30   0    0   0   0 1463   0   0  98.27  99.96   0.00      -  0.000
s20421 91146  84   5   1   0    0   0   0 1339   8   0  98.55 100.00   0.00      -  0.000
s20431 100530  33   0  21   0    0   0   0 1523   0   0  98.51  99.98   0.00      -  0.000
s20441 88459 3412   0  45   0    0   0   0 862   4   0  99.07  99.95   0.00      -  0.000
s20451 86896   2   0 286   0    0   0   0 892   1   0  98.98  99.67   0.00      -  0.000
s20461 98009   2   0   2   0    0   0   0 478   0   0  99.51 100.00   0.00      -  0.000
s20471 114541  58   0  24   0    0   0   0 348   3   1  99.69  99.98   0.00      -  0.000
s20481 90171   0   0 166   0    0   0   0 946   0   0  98.96  99.82      -      -  0.000
s20491 93546 468   0  87   0    0   0   0 2283 277   0  97.35  99.91   0.00      -  0.000
s20501 141438 474   1  21   0    0   0   0 266  28   0  99.79  99.99   0.00      -  0.000
s20511 64808   7   2 300   0    0   0   0 17580   1   0  78.66  99.54   0.00      -  0.000
s20521 71458  10   0 531   0    0   0   0 3486   3   0  95.35  99.26   0.00      -  0.000
s20531 39710  49   1  16   0    0   0   0 46401  12   0  46.14  99.96   0.00      -  0.000
s20541 112582 546   5 124   0    0   0   0 1226  15   1  98.91  99.89   0.00      -  0.000
s20551 95652  24   0 976   0    0   0   0 4451  87   2  95.47  98.99   0.00      -  0.000
s20561 98149  29   0  10   0    0   0   0 2170  42   1  97.80  99.99   0.00      -  0.000
s20571 85877 2023   5  63   0    0   0   0 405 229   0  99.28  99.93   0.00      -  0.000
s20581 84174  15   0 149   0    0   0   0 409   3   0  99.51  99.82   0.00      -  0.000
s20591 72741   2   0 2495   0    0   0   0 11099   1   0  86.76  96.68   0.00      -  0.000
s20601 109153   2   0  72   0    0   0   0 7333   0   0  93.70  99.93   0.00      -  0.000
s20611 225558   0   0 147   0    0   0   0 9886   0   0  95.80  99.93      -      -  0.000
s20621 106402 1181   0 945   0    0   0   0 4155 194   1  96.11  99.13   0.00      -  0.000
s20631 98916   0   0  35   0    0   0   0 725   0   0  99.27  99.96      -      -  0.000
s20641 57508 347   0  19   0    0   0   0 26142 429   0  68.53  99.97   0.00      -  0.000
s20651  3511 213   0 107   0    0   0   0 99728 118   0   3.60  97.21   0.00      -  0.000
s30661 143739  58   2  21   0    0   0   0 130   2   1  99.91  99.99   0.00      -  0.000
s30671 98135 141   2   3   0    0   0   0 244 206   0  99.54 100.00   0.00      -  0.000
s30681 121055  13   0 224   0    0   0   0 5031   2   0  96.01  99.82   0.00      -  0.000
s30691  7527   1   0  72   0    0   0   0 93827   0   0   7.43  99.05   0.00      -  0.000
s30701 104187   0   0   2   0    0   0   0 2532   0   0  97.63 100.00      -      -  0.000
s30711 129325 18895   6  19   0    0   0   0 4465  49   1  97.04  99.99   0.00      -  0.000
s30721 19039 316   0 588   0    0   0   0 86861  18   0  18.22  97.05   0.00      -  0.000
s30731 94871  31   6  48   0    0   0   0 10722   5   5  89.84  99.95   0.00      -  0.000
s30732 89463  24   2 163   0    0   0   0 6753   1   0  92.98  99.82   0.00      -  0.000
s30741 122824   0   0   4   0    0   0   0 240   0   0  99.80 100.00      -      -  0.000
s30742 113207   0   0   5   0    0   0   0 110   0   0  99.90 100.00      -      -  0.000
s30751 101219 3310   7   7   0    0   0   0 968 145   1  98.95  99.99   0.00      -  0.000
s30752 113653 5948  21   5   0    0   0   0 451  24   1  99.60 100.00   0.00      -  0.000
s30761  5908 2353   7  38   0    0   0   0 107507 851  51   7.09  99.54   0.00      -  0.000
s30771  8012   2   0  20   0    0   0   0 69589   4   0  10.33  99.75   0.00      -  0.000
s30781 17606 391   3 1093   0    0   0   0 91614  17   4  16.42  94.28   0.00      -  0.000
s30791 98885  42   1   0   0    0   0   0 1143  15   0  98.84 100.00   0.00      -  0.000
s30801 60004   0   0 7465   0    0   0   0 34051   0   0  63.80  88.94      -      -  0.000
______________________________________________________________________________________
Sum  7860255 68322 503 24955   0    0   0   0 930155 4317  95
Gross                                                   89.46  99.69   0.00      -  0.000
Average                                                 88.99  99.49   0.00      -  0.000
Total QRS complexes: 8863647  Total VEBs: 72639

Summary of results from 86 records
