Record Nn' Vn' Fn' On'  Nv   Vv  Fv' Ov' No' Vo' Fo'  Q Se   Q +P   V Se   V +P  V FPR
s20011 98301   1   0   0   0    0   0   0 1371   1   0  98.62 100.00   0.00      -  0.000
s20021 85009 115   1   8   0    0   0   0 3451  22   0  96.08  99.99   0.00      -  0.000
s20031 107756   0   0 288   0    0   0   0 1351   1   1  98.76  99.73   0.00      -  0.000
s20041 99605 982   7   0   0    0   0   0 2973 5426   0  92.29 100.00   0.00      -  0.000
s20051 102606   2   1   0   0    0   0   0 9613   0   1  91.43 100.00   0.00      -  0.000
s20061 114547 769   0   0   0    0   0   0 2135   3   0  98.18 100.00   0.00      -  0.000
s20071 85306   2   0  11   0    0   0   0  15   3   0  99.98  99.99   0.00      -  0.000
s20081 110967 1232  17   2   0    0   0   0 274  58   5  99.70 100.00   0.00      -  0.000
s20091 110947   0   0   1   0    0   0   0  96   0   0  99.91 100.00      -      -  0.000
s20101 66999 7044 306   0   0    0   0   0 3186  36  78  95.75 100.00   0.00      -  0.000
s20111 84852   2   0   2   0    0   0   0  26   1   0  99.97 100.00   0.00      -  0.000
s20121 84588 249   0   4   0    0   0   0  54 329   0  99.55 100.00   0.00      -  0.000
s20131 103825 457   6   2   0    0   0   0 1565  37   0  98.49 100.00   0.00      -  0.000
s20141 111997   0   0   5   0    0   0   0 4209   0   0  96.38 100.00      -      -  0.000
s20151 70811 120   9   1   0    0   0   0 8371  46   2  89.39 100.00   0.00      -  0.000
s20161 70812   4   1  87   0    0   0   0 12534   4   0  84.96  99.88   0.00      -  0.000
s20171 110537   2   0   9   0    0   0   0 15521   7   0  87.68  99.99   0.00      -  0.000
s20181 81861 107   1  67   0    0   0   0 24570  16   0  76.93  99.92   0.00      -  0.000
s20191 62938   7   0 2579   0    0   0   0 34337   0   0  64.70  96.06   0.00      -  0.000
s20201 75092   0   0   1   0    0   0   0 15955  11   0  82.47 100.00   0.00      -  0.000
s20211 99134  14   1   4   0    0   0   0 192   3   0  99.80 100.00   0.00      -  0.000
s20221 118447  11   0   0   0    0   0   0 241  16   0  99.78 100.00   0.00      -  0.000
s20231 99571   1   1   3   0    0   0   0 3103   1   0  96.98 100.00   0.00      -  0.000
s20241 91954   6   0   1   0    0   0   0  37   0   0  99.96 100.00   0.00      -  0.000
s20251 103717   6   0 750   0    0   0   0 4246   1   0  96.07  99.28   0.00      -  0.000
s20261 100036 701   0   0   0    0   0   0 1172  45   1  98.81 100.00   0.00      -  0.000
s20271 92841 6310   0  35   0    0   0   0 13109 1583   0  87.09  99.96   0.00      -  0.000
s20272 106266 346   0  86   0    0   0   0 10982  15   0  90.65  99.92   0.00      -  0.000
s20273 101571 498   0 555   0    0   0   0 1526 108   0  98.42  99.46   0.00      -  0.000
s20274 107436 529   2 299   0    0   0   0 12590 169   0  89.43  99.72   0.00      -  0.000
s20281 72790   0   0   3   0    0   0   0  18   0   0  99.98 100.00      -      -  0.000
s20291 70740 398   0 167   0    0   0   0 5137  12   0  93.25  99.77   0.00      -  0.000
s20301 84472  21   0   0   0    0   0   0 21883   3   0  79.43 100.00   0.00      -  0.000
s20311 79296   3   0 141   0    0   0   0 6572   0   0  92.35  99.82   0.00      -  0.000
s20321 90184  22   0  16   0    0   0   0 1202 178   0  98.49  99.98   0.00      -  0.000
s20331 71266   0   1   8   0    0   0   0 12447   6   2  85.12  99.99   0.00      -  0.000
s20341 97814  86   0  18   0    0   0   0 1914   1   1  98.08  99.98   0.00      -  0.000
s20351 113851 789   0   3   0    0   0   0 4612   7   0  96.13 100.00   0.00      -  0.000
s20361 101610   6   0 115   0    0   0   0 3758   5   1  96.43  99.89   0.00      -  0.000
s20371 87934   4   0  15   0    0   0   0 7471   1   0  92.17  99.98   0.00      -  0.000
s20381 93448  43   0  76   0    0   0   0 9383  10   0  90.87  99.92   0.00      -  0.000
s20391 99069 160   6  18   0    0   0   0 3048  41   0  96.98  99.98   0.00      -  0.000
s20401 74993  30   0  51   0    0   0   0 1994  31   0  97.37  99.93   0.00      -  0.000
s20411 83513  21   0   3   0    0   0   0 892   2   0  98.94 100.00   0.00      -  0.000
s20421 65096  57   4  32   0    0   0   0 27389  35   1  70.38  99.95   0.00      -  0.000
s20431 101623  26   0  18   0    0   0   0 430   7   0  99.57  99.98   0.00      -  0.000
s20441 86734 3416   0  65   0    0   0   0 2587   0   0  97.21  99.93   0.00      -  0.000
s20451 85573   2   0 279   0    0   0   0 2215   1   0  97.48  99.68   0.00      -  0.000
s20461 87927   2   0   7   0    0   0   0 10560   0   0  89.28  99.99   0.00      -  0.000
s20471 97262  56   0  39   0    0   0   0 17627   5   1  84.66  99.96   0.00      -  0.000
s20481 85609   0   0 273   0    0   0   0 5508   0   0  93.96  99.68      -      -  0.000
s20491 82724 647   0 175   0    0   0   0 13105  98   0  86.33  99.79   0.00      -  0.000
s20501 108814 483   1  25   0    0   0   0 32890  19   0  76.86  99.98   0.00      -  0.000
s20511 55871   8   2 1028   0    0   0   0 26517   0   0  67.82  98.19   0.00      -  0.000
s20521 73500  11   0 728   0    0   0   0 1444   2   0  98.07  99.02   0.00      -  0.000
s20531 64110  42   0  87   0    0   0   0 22001  19   1  74.45  99.86   0.00      -  0.000
s20541 102251 559   5 137   0    0   0   0 11557   2   1  89.89  99.87   0.00      -  0.000
s20551 93077   7   0 179   0    0   0   0 7026 104   2  92.88  99.81   0.00      -  0.000
s20561 97470   3   0  32   0    0   0   0 2849  68   1  97.09  99.97   0.00      -  0.000
s20571 56721 1088   0  55   0    0   0   0 29561 1164   5  65.29  99.90   0.00      -  0.000
s20581 80121  15   0  10   0    0   0   0 4462   3   0  94.72  99.99   0.00      -  0.000
s20591 81741   2   0   6   0    0   0   0 2099   1   0  97.50  99.99   0.00      -  0.000
s20601 70052   2   0  60   0    0   0   0 46434   0   0  60.14  99.91   0.00      -  0.000
s20611 195526   0   0 130   0    0   0   0 39918   0   0  83.05  99.93      -      -  0.000
s20621 96924 1112   0 2975   0    0   0   0 13633 263   1  87.58  97.05   0.00      -  0.000
s20631 83277   0   0  21   0    0   0   0 16364   0   0  83.58  99.97      -      -  0.000
s20641 78996 507   0  39   0    0   0   0 4654 269   0  94.17  99.95   0.00      -  0.000
s20651 97956 328   0 1275   0    0   0   0 5283   3   0  94.90  98.72   0.00      -  0.000
s30661 141923  56   2  26   0    0   0   0 1946   4   1  98.64  99.98   0.00      -  0.000
s30671 95652  19   2   3   0    0   0   0 2727 328   0  96.91 100.00   0.00      -  0.000
s30681 116057  14   0 500   0    0   0   0 10029   1   0  92.05  99.57   0.00      -  0.000
s30691 75241   1   0 3480   0    0   0   0 26113   0   0  74.24  95.58   0.00      -  0.000
s30701 101981   0   0   1   0    0   0   0 4738   0   0  95.56 100.00      -      -  0.000
s30711 50264 18931   5   6   0    0   0   0 83526  13   2  45.31  99.99   0.00      -  0.000
s30721 74963 334   0 748   0    0   0   0 30937   0   0  70.88  99.02   0.00      -  0.000
s30731 87999  34   5  31   0    0   0   0 17594   2   6  83.34  99.96   0.00      -  0.000
s30732 82159  22   1  42   0    0   0   0 14057   3   1  85.39  99.95   0.00      -  0.000
s30741 118645   0   0   0   0    0   0   0 4419   0   0  96.41 100.00      -      -  0.000
s30742 107207   0   0   2   0    0   0   0 6110   0   0  94.61 100.00      -      -  0.000
s30751 74169 2917   7   4   0    0   0   0 28018 538   1  72.97  99.99   0.00      -  0.000
s30752 95926 5796  19   0   0    0   0   0 18178 176   3  84.71 100.00   0.00      -  0.000
s30761 65691 2676  20  61   0    0   0   0 47724 528  38  58.61  99.91   0.00      -  0.000
s30771 53139   6   0 512   0    0   0   0 24462   0   0  68.48  99.05   0.00      -  0.000
s30781 79795 407   5 750   0    0   0   0 29425   1   2  73.16  99.07   0.00      -  0.000
s30791 91762  16   0   0   0    0   0   0 8266  41   1  91.70 100.00   0.00      -  0.000
s30801  6382   0   0 10967   0    0   0   0 87673   0   0   6.79  36.79      -      -  0.000
______________________________________________________________________________________
Sum  7729219 60702 438 30242   0    0   0   0 1061191 11937 160
Gross                                                   87.89  99.61   0.00      -  0.000
Average                                                 88.26  98.99   0.00      -  0.000
Total QRS complexes: 8863647  Total VEBs: 72639

Summary of results from 86 records
