Record Nn' Vn' Fn' On'  Nv   Vv  Fv' Ov' No' Vo' Fo'  Q Se   Q +P   V Se   V +P  V FPR
s20011 99668   2   0  17   0    0   0   0   4   0   0 100.00  99.98   0.00      -  0.000
s20021 88452 137   1 365   0    0   0   0   8   0   0  99.99  99.59   0.00      -  0.000
s20031 108972   1   0 2785   0    0   0   0 135   0   1  99.88  97.51   0.00      -  0.000
s20041 102577 6370   7  15   0    0   0   0   1  38   0  99.96  99.99   0.00      -  0.000
s20051 112217   2   2 413   0    0   0   0   2   0   0 100.00  99.63   0.00      -  0.000
s20061 116681 772   0  16   0    0   0   0   1   0   0 100.00  99.99   0.00      -  0.000
s20071 85318   5   0 100   0    0   0   0   3   0   0 100.00  99.88   0.00      -  0.000
s20081 111241 1273  22  23   0    0   0   0   0  17   0  99.98  99.98   0.00      -  0.000
s20091 111042   0   0  12   0    0   0   0   1   0   0 100.00  99.99      -      -  0.000
s20101 70184 7080 383  96   0    0   0   0   1   0   1 100.00  99.88   0.00      -  0.000
s20111 84875   3   0  80   0    0   0   0   3   0   0 100.00  99.91   0.00      -  0.000
s20121 84631 578   0  21   0    0   0   0  11   0   0  99.99  99.98   0.00      -  0.000
s20131 105384 494   6  67   0    0   0   0   6   0   0  99.99  99.94   0.00      -  0.000
s20141 116197   0   0  67   0    0   0   0   9   0   0  99.99  99.94      -      -  0.000
s20151 79181 140  11  42   0    0   0   0   1  26   0  99.97  99.95   0.00      -  0.000
s20161 83273   7   1 946   0    0   0   0  73   1   0  99.91  98.88   0.00      -  0.000
s20171 125848   7   0  42   0    0   0   0 210   2   0  99.83  99.97   0.00      -  0.000
s20181 106263 123   1 1019   0    0   0   0 168   0   0  99.84  99.05   0.00      -  0.000
s20191 97032   7   0 12114   0    0   0   0 243   0   0  99.75  88.90   0.00      -  0.000
s20201 91032  10   0  51   0    0   0   0  15   1   0  99.98  99.94   0.00      -  0.000
s20211 99324  17   1 150   0    0   0   0   2   0   0 100.00  99.85   0.00      -  0.000
s20221 118688  27   0   8   0    0   0   0   0   0   0 100.00  99.99   0.00      -  0.000
s20231 101936   2   1   8   0    0   0   0 738   0   0  99.28  99.99   0.00      -  0.000
s20241 91991   6   0  60   0    0   0   0   0   0   0 100.00  99.93   0.00      -  0.000
s20251 107869   7   0 5022   0    0   0   0  94   0   0  99.91  95.55   0.00      -  0.000
s20261 101207 746   1   0   0    0   0   0   1   0   0 100.00 100.00   0.00      -  0.000
s20271 105929 7885   0 642   0    0   0   0  21   8   0  99.97  99.44   0.00      -  0.000
s20272 117223 361   0 1870   0    0   0   0  25   0   0  99.98  98.43   0.00      -  0.000
s20273 102965 605   0 2797   0    0   0   0 132   1   0  99.87  97.37   0.00      -  0.000
s20274 119686 695   2 1936   0    0   0   0 340   3   0  99.72  98.42   0.00      -  0.000
s20281 72808   0   0  70   0    0   0   0   0   0   0 100.00  99.90      -      -  0.000
s20291 75714 409   0 1346   0    0   0   0 163   1   0  99.79  98.26   0.00      -  0.000
s20301 106352  24   0  18   0    0   0   0   3   0   0 100.00  99.98   0.00      -  0.000
s20311 84528   3   0 3258   0    0   0   0 1340   0   0  98.44  96.29   0.00      -  0.000
s20321 91386 151   0  58   0    0   0   0   0  49   0  99.95  99.94   0.00      -  0.000
s20331 83711   6   3  48   0    0   0   0   2   0   0 100.00  99.94   0.00      -  0.000
s20341 99722  87   0 577   0    0   0   0   6   0   1  99.99  99.43   0.00      -  0.000
s20351 118463 796   0  61   0    0   0   0   0   0   0 100.00  99.95   0.00      -  0.000
s20361 105312   9   1 3053   0    0   0   0  56   2   0  99.94  97.18   0.00      -  0.000
s20371 95394   4   0  76   0    0   0   0  11   1   0  99.99  99.92   0.00      -  0.000
s20381 102827  53   0 1322   0    0   0   0   4   0   0 100.00  98.73   0.00      -  0.000
s20391 102100 200   6 956   0    0   0   0  17   1   0  99.98  99.07   0.00      -  0.000
s20401 76968  61   0 1444   0    0   0   0  19   0   0  99.98  98.16   0.00      -  0.000
s20411 84398  23   0 629   0    0   0   0   7   0   0  99.99  99.26   0.00      -  0.000
s20421 92464  86   5 315   0    0   0   0  21   6   0  99.97  99.66   0.00      -  0.000
s20431 102039  33   0 606   0    0   0   0  14   0   0  99.99  99.41   0.00      -  0.000
s20441 89298 3416   0 605   0    0   0   0  23   0   0  99.98  99.35   0.00      -  0.000
s20451 87772   3   0 2305   0    0   0   0  16   0   0  99.98  97.44   0.00      -  0.000
s20461 98473   2   0 153   0    0   0   0  14   0   0  99.99  99.84   0.00      -  0.000
s20471 114848  59   0 120   0    0   0   0  41   2   1  99.96  99.90   0.00      -  0.000
s20481 90947   0   0 758   0    0   0   0 170   0   0  99.81  99.17      -      -  0.000
s20491 95737 744   0 693   0    0   0   0  92   1   0  99.90  99.29   0.00      -  0.000
s20501 141673 500   1  40   0    0   0   0  31   2   0  99.98  99.97   0.00      -  0.000
s20511 82085   8   2 1802   0    0   0   0 303   0   0  99.63  97.85   0.00      -  0.000
s20521 74930  13   0 1296   0    0   0   0  14   0   0  99.98  98.30   0.00      -  0.000
s20531 85951  61   1 1011   0    0   0   0 160   0   0  99.81  98.84   0.00      -  0.000
s20541 113802 561   6 570   0    0   0   0   6   0   0  99.99  99.50   0.00      -  0.000
s20551 100029  40   1 5334   0    0   0   0  74  71   1  99.85  94.94   0.00      -  0.000
s20561 100285  71   1 105   0    0   0   0  34   0   0  99.97  99.90   0.00      -  0.000
s20571 86261 2227   5 276   0    0   0   0  21  25   0  99.95  99.69   0.00      -  0.000
s20581 84571  18   0 164   0    0   0   0  12   0   0  99.99  99.81   0.00      -  0.000
s20591 83825   3   0 3276   0    0   0   0  15   0   0  99.98  96.24   0.00      -  0.000
s20601 116237   2   0 664   0    0   0   0 249   0   0  99.79  99.43   0.00      -  0.000
s20611 235323   0   0 1319   0    0   0   0 121   0   0  99.95  99.44      -      -  0.000
s20621 110341 1372   1 4096   0    0   0   0 216   3   0  99.80  96.46   0.00      -  0.000
s20631 99641   0   0 406   0    0   0   0   0   0   0 100.00  99.59      -      -  0.000
s20641 83633 775   0 216   0    0   0   0  17   1   0  99.98  99.74   0.00      -  0.000
s20651 102716 330   0 57843   0    0   0   0 523   1   0  99.49  64.05   0.00      -  0.000
s30661 143865  60   3  45   0    0   0   0   4   0   0 100.00  99.97   0.00      -  0.000
s30671 98354 251   2  83   0    0   0   0  25  96   0  99.88  99.92   0.00      -  0.000
s30681 125983  15   0 3574   0    0   0   0 103   0   0  99.92  97.24   0.00      -  0.000
s30691 99593   1   0 55374   0    0   0   0 1761   0   0  98.26  64.27   0.00      -  0.000
s30701 106716   0   0  33   0    0   0   0   3   0   0 100.00  99.97      -      -  0.000
s30711 133592 18939   7 141   0    0   0   0 198   5   0  99.87  99.91   0.00      -  0.000
s30721 103482 334   0 36408   0    0   0   0 2418   0   0  97.72  74.04   0.00      -  0.000
s30731 105592  36  10 138   0    0   0   0   1   0   1 100.00  99.87   0.00      -  0.000
s30732 96210  24   2 295   0    0   0   0   6   1   0  99.99  99.69   0.00      -  0.000
s30741 122965   0   0  27   0    0   0   0  99   0   0  99.92  99.98      -      -  0.000
s30742 113309   0   0  24   0    0   0   0   8   0   0  99.99  99.98      -      -  0.000
s30751 102185 3422   8 157   0    0   0   0   2  33   0  99.97  99.85   0.00      -  0.000
s30752 114100 5965  22  55   0    0   0   0   4   7   0  99.99  99.95   0.00      -  0.000
s30761 112365 3197  56 1240   0    0   0   0 1050   7   2  99.09  98.94   0.00      -  0.000
s30771 77111   6   0 22463   0    0   0   0 490   0   0  99.37  77.44   0.00      -  0.000
s30781 106250 408   7 38521   0    0   0   0 2970   0   0  97.29  73.47   0.00      -  0.000
s30791 100027  46   1  16   0    0   0   0   1  11   0  99.99  99.98   0.00      -  0.000
s30801 70225   0   0 13179   0    0   0   0 23830   0   0  74.66  84.20      -      -  0.000
______________________________________________________________________________________
Sum  8751374 72216 590 299446   0    0   0   0 39036 423   8
Gross                                                   99.55  96.72   0.00      -  0.000
Average                                                 99.53  97.26   0.00      -  0.000
Total QRS complexes: 8863647  Total VEBs: 72639

Summary of results from 86 records
